subject,section,traial,left,right,answer
1,1,1,4,4,1
1,1,2,4,2,1
1,1,3,4,6,-2
1,1,4,4,1,1
1,1,5,4,7,2
1,1,6,4,9,3
1,1,7,4,0,1
1,1,8,4,5,1
1,1,9,4,8,3
1,1,10,4,3,0
1,1,11,4,10,3
1,2,12,8,10,1
1,2,13,8,0,0
1,2,14,8,6,-1
1,2,15,8,9,0
1,2,16,8,5,-2
1,2,17,8,3,-3
1,2,18,8,1,0
1,2,19,8,2,1
1,2,20,8,8,0
1,2,21,8,4,-1
1,2,22,8,7,-1
1,3,23,0,4,-1
1,3,24,0,10,3
1,3,25,0,6,1
1,3,26,0,3,0
1,3,27,0,1,0
1,3,28,0,2,0
1,3,29,0,5,1
1,3,30,0,9,3
1,3,31,0,8,2
1,3,32,0,0,0
1,3,33,0,7,2
1,4,34,2,4,-1
1,4,35,2,10,3
1,4,36,2,6,1
1,4,37,2,3,0
1,4,38,2,1,0
1,4,39,2,2,0
1,4,40,2,5,1
1,4,41,2,9,3
1,4,42,2,8,3
1,4,43,2,0,-1
1,4,44,2,7,2
1,5,45,6,1,-1
1,5,46,6,0,-1
1,5,47,6,2,-1
1,5,48,6,8,1
1,5,49,6,9,2
1,5,50,6,10,3
1,5,51,6,7,0
1,5,52,6,5,-1
1,5,53,6,4,-1
1,5,54,6,6,1
1,5,55,6,3,-1
1,6,56,10,6,-1
1,6,57,10,8,-1
1,6,58,10,7,-1
1,6,59,10,0,2
1,6,60,10,9,0
1,6,61,10,2,-2
1,6,62,10,10,0
1,6,63,10,3,-2
1,6,64,10,5,-1
1,6,65,10,1,-2
1,6,66,10,4,-2
